8.289816e+01 8.255453e+01 8.183059e+01 8.074738e+01 7.957133e+01 7.823472e+01 7.660267e+01 7.518917e+01 7.349837e+01 7.178362e+01 7.013630e+01 6.850579e+01 6.682411e+01 6.499277e+01 6.308947e+01 6.087250e+01 6.159850e+01 6.195562e+01 6.218390e+01 6.230803e+01
8.297078e+01 8.258842e+01 8.186918e+01 8.075669e+01 7.961904e+01 7.825973e+01 7.662571e+01 7.511400e+01 7.345680e+01 7.165829e+01 7.001597e+01 6.840758e+01 6.673162e+01 6.490906e+01 6.306365e+01 6.083352e+01 6.155242e+01 6.191501e+01 6.214517e+01 6.226522e+01
8.309040e+01 8.272834e+01 8.195885e+01 8.082298e+01 7.968931e+01 7.828282e+01 7.657042e+01 7.504138e+01 7.327795e+01 7.152067e+01 6.980112e+01 6.820896e+01 6.653194e+01 6.477792e+01 6.299237e+01 6.077150e+01 6.147600e+01 6.182779e+01 6.205814e+01 6.217901e+01
8.328888e+01 8.292514e+01 8.215666e+01 8.098138e+01 7.975963e+01 7.832894e+01 7.651886e+01 7.486670e+01 7.312709e+01 7.114853e+01 6.945202e+01 6.788986e+01 6.626472e+01 6.459398e+01 6.281832e+01 6.069403e+01 6.138298e+01 6.170448e+01 6.192931e+01 6.204322e+01
8.357011e+01 8.316989e+01 8.237741e+01 8.123266e+01 7.992173e+01 7.830110e+01 7.646477e+01 7.478688e+01 7.269178e+01 7.074547e+01 6.908002e+01 6.753950e+01 6.596222e+01 6.433810e+01 6.261197e+01 6.058301e+01 6.120226e+01 6.152702e+01 6.174154e+01 6.185635e+01
8.387227e+01 8.353248e+01 8.271638e+01 8.152214e+01 8.010686e+01 7.838909e+01 7.644634e+01 7.433851e+01 7.236701e+01 7.029816e+01 6.853195e+01 6.708850e+01 6.557861e+01 6.401501e+01 6.236530e+01 6.040272e+01 6.098371e+01 6.127454e+01 6.150763e+01 6.163051e+01
8.424797e+01 8.390146e+01 8.319605e+01 8.193086e+01 8.038435e+01 7.834891e+01 7.630219e+01 7.381459e+01 7.168978e+01 6.957754e+01 6.793608e+01 6.655699e+01 6.511824e+01 6.362222e+01 6.203986e+01 6.017112e+01 6.069418e+01 6.097910e+01 6.121320e+01 6.135182e+01
8.483712e+01 8.448509e+01 8.386848e+01 8.271437e+01 8.066083e+01 7.838203e+01 7.595770e+01 7.298333e+01 7.065163e+01 6.870067e+01 6.723322e+01 6.594264e+01 6.458856e+01 6.313085e+01 6.163589e+01 5.987419e+01 6.026155e+01 6.060173e+01 6.088142e+01 6.105509e+01
8.540026e+01 8.514888e+01 8.478307e+01 8.444160e+01 1.000000e+30 1.000000e+30 1.000000e+30 7.098106e+01 6.902688e+01 6.765581e+01 6.646968e+01 6.525317e+01 6.395894e+01 6.259555e+01 6.117250e+01 5.947478e+01 5.957563e+01 6.010483e+01 6.053568e+01 6.075595e+01
8.595288e+01 8.575627e+01 8.559763e+01 8.541734e+01 1.000000e+30 1.000000e+30 1.000000e+30 1.000000e+30 6.736397e+01 6.659112e+01 6.561278e+01 6.452966e+01 6.329035e+01 6.194251e+01 6.065995e+01 5.899958e+01 5.817091e+01 5.959805e+01 6.026342e+01 6.053318e+01
8.631082e+01 8.620027e+01 8.609400e+01 8.603290e+01 1.000000e+30 1.000000e+30 1.000000e+30 1.000000e+30 6.617227e+01 6.563693e+01 6.484891e+01 6.384562e+01 6.256219e+01 6.112440e+01 6.020938e+01 5.900717e+01 5.917627e+01 5.977104e+01 6.022339e+01 6.045077e+01
8.644680e+01 8.640029e+01 8.634715e+01 8.631034e+01 1.000000e+30 1.000000e+30 1.000000e+30 1.000000e+30 6.531230e+01 6.490435e+01 6.421282e+01 6.326923e+01 6.185534e+01 5.966664e+01 5.977123e+01 5.899435e+01 5.951765e+01 5.993717e+01 6.026611e+01 6.044371e+01
8.641229e+01 8.637696e+01 8.634048e+01 8.631091e+01 1.000000e+30 1.000000e+30 1.000000e+30 1.000000e+30 6.470304e+01 6.436699e+01 6.375624e+01 6.294466e+01 6.187325e+01 6.065098e+01 5.997984e+01 5.906184e+01 5.966621e+01 6.004037e+01 6.031949e+01 6.046546e+01
8.617512e+01 8.614690e+01 8.609290e+01 8.606280e+01 1.000000e+30 1.000000e+30 1.000000e+30 1.000000e+30 6.427646e+01 6.397325e+01 6.344544e+01 6.276686e+01 6.190805e+01 6.097800e+01 6.014506e+01 5.911094e+01 5.973931e+01 6.010013e+01 6.035290e+01 6.048312e+01
8.571048e+01 8.569594e+01 8.564366e+01 8.561755e+01 1.000000e+30 1.000000e+30 1.000000e+30 1.000000e+30 6.395290e+01 6.368458e+01 6.321269e+01 6.262781e+01 6.188510e+01 6.105926e+01 6.020006e+01 5.912040e+01 5.976370e+01 6.011702e+01 6.035770e+01 6.048427e+01
8.508701e+01 8.505350e+01 8.500042e+01 8.498875e+01 1.000000e+30 1.000000e+30 1.000000e+30 1.000000e+30 6.371323e+01 6.345240e+01 6.303725e+01 6.249442e+01 6.181138e+01 6.103075e+01 6.017990e+01 5.908488e+01 5.973586e+01 6.009461e+01 6.033782e+01 6.046291e+01
8.420717e+01 8.412917e+01 8.413574e+01 8.416382e+01 1.000000e+30 1.000000e+30 1.000000e+30 1.000000e+30 6.353568e+01 6.330000e+01 6.287832e+01 6.235483e+01 6.169598e+01 6.093221e+01 6.009298e+01 5.901864e+01 5.966386e+01 6.003902e+01 6.028882e+01 6.041582e+01
8.323738e+01 8.317210e+01 8.311018e+01 8.313336e+01 1.000000e+30 1.000000e+30 1.000000e+30 1.000000e+30 6.343003e+01 6.317386e+01 6.274450e+01 6.221486e+01 6.154330e+01 6.077280e+01 5.993808e+01 5.890906e+01 5.955720e+01 5.995094e+01 6.021365e+01 6.034776e+01
8.207554e+01 8.202048e+01 8.192765e+01 8.193778e+01 1.000000e+30 1.000000e+30 1.000000e+30 1.000000e+30 6.337070e+01 6.309590e+01 6.263947e+01 6.207226e+01 6.136152e+01 6.053362e+01 5.966002e+01 5.874245e+01 5.941810e+01 5.984242e+01 6.012317e+01 6.027062e+01
8.074656e+01 8.064254e+01 8.053306e+01 8.049888e+01 1.000000e+30 1.000000e+30 1.000000e+30 1.000000e+30 6.340032e+01 6.307210e+01 6.256805e+01 6.194693e+01 6.115354e+01 6.018994e+01 5.912947e+01 5.849251e+01 5.924818e+01 5.972371e+01 6.003389e+01 6.018504e+01
7.924296e+01 7.915037e+01 7.902523e+01 7.885080e+01 1.000000e+30 1.000000e+30 1.000000e+30 1.000000e+30 6.355368e+01 6.312283e+01 6.254141e+01 6.185030e+01 6.097368e+01 5.979370e+01 5.789088e+01 5.818805e+01 5.909885e+01 5.962037e+01 5.994989e+01 6.010574e+01
7.776264e+01 7.753349e+01 7.717699e+01 7.690704e+01 1.000000e+30 1.000000e+30 6.535426e+01 6.484622e+01 6.391906e+01 6.324893e+01 6.252326e+01 6.181046e+01 6.097334e+01 5.999659e+01 5.894530e+01 5.834746e+01 5.910226e+01 5.956910e+01 5.987976e+01 6.003590e+01
7.607328e+01 7.582363e+01 7.535707e+01 7.457453e+01 7.294483e+01 1.000000e+30 6.566774e+01 6.500467e+01 6.407102e+01 6.327163e+01 6.246158e+01 6.174418e+01 6.096797e+01 6.014707e+01 5.930290e+01 5.844571e+01 5.912170e+01 5.953872e+01 5.982427e+01 5.997206e+01
7.463712e+01 7.427155e+01 7.370832e+01 7.277496e+01 7.114330e+01 6.857453e+01 6.646037e+01 6.513437e+01 6.412742e+01 6.314366e+01 6.228768e+01 6.158290e+01 6.088483e+01 6.015379e+01 5.939491e+01 5.846453e+01 5.911171e+01 5.949797e+01 5.977013e+01 5.990822e+01
7.320619e+01 7.282925e+01 7.219800e+01 7.133189e+01 6.975067e+01 6.787262e+01 6.636192e+01 6.504456e+01 6.391099e+01 6.280469e+01 6.191822e+01 6.128251e+01 6.068846e+01 6.005458e+01 5.935282e+01 5.842430e+01 5.907019e+01 5.943931e+01 5.970096e+01 5.983277e+01
7.188024e+01 7.153080e+01 7.094088e+01 6.983592e+01 6.857146e+01 6.718661e+01 6.589757e+01 6.461942e+01 6.345643e+01 6.231082e+01 6.120509e+01 6.081989e+01 6.040435e+01 5.987909e+01 5.924453e+01 5.834822e+01 5.898922e+01 5.935541e+01 5.961264e+01 5.974248e+01
7.061621e+01 7.030358e+01 6.966946e+01 6.878443e+01 6.758659e+01 6.639144e+01 6.516307e+01 6.403973e+01 6.290784e+01 6.164904e+01 5.976250e+01 6.024758e+01 6.009240e+01 5.967206e+01 5.909885e+01 5.824824e+01 5.888846e+01 5.925264e+01 5.949610e+01 5.962738e+01
6.953194e+01 6.919848e+01 6.856061e+01 6.771269e+01 6.658776e+01 6.544262e+01 6.427008e+01 6.330955e+01 6.241901e+01 6.147182e+01 6.051542e+01 6.022723e+01 5.991058e+01 5.947843e+01 5.893642e+01 5.813160e+01 5.876136e+01 5.912338e+01 5.936573e+01 5.949293e+01
6.853190e+01 6.814046e+01 6.754488e+01 6.667930e+01 6.554909e+01 6.434198e+01 6.303811e+01 6.244915e+01 6.186355e+01 6.119213e+01 6.054307e+01 6.010498e+01 5.970480e+01 5.926018e+01 5.874677e+01 5.799528e+01 5.861069e+01 5.896901e+01 5.921136e+01 5.934082e+01
6.760709e+01 6.721531e+01 6.656798e+01 6.568022e+01 6.461683e+01 6.319853e+01 6.102902e+01 6.152088e+01 6.124771e+01 6.076766e+01 6.025762e+01 5.981122e+01 5.939381e+01 5.897218e+01 5.850485e+01 5.783515e+01 5.842896e+01 5.878958e+01 5.903309e+01 5.916168e+01
6.688594e+01 6.646709e+01 6.579936e+01 6.497088e+01 6.385939e+01 6.279648e+01 6.160018e+01 6.114677e+01 6.071875e+01 6.024763e+01 5.977637e+01 5.934989e+01 5.895653e+01 5.858606e+01 5.820211e+01 5.763979e+01 5.822261e+01 5.858304e+01 5.883130e+01 5.895998e+01
6.647203e+01 6.581640e+01 6.507058e+01 6.405806e+01 6.318254e+01 6.222653e+01 6.129778e+01 6.063024e+01 6.012072e+01 5.961197e+01 5.913389e+01 5.870755e+01 5.834947e+01 5.806954e+01 5.781322e+01 5.740718e+01 5.797786e+01 5.835144e+01 5.860656e+01 5.874768e+01
1.000000e+30 6.513072e+01 6.428986e+01 6.326597e+01 6.237106e+01 6.145992e+01 6.060902e+01 5.992666e+01 5.933894e+01 5.880610e+01 5.830930e+01 5.786813e+01 5.750789e+01 5.738914e+01 5.732424e+01 5.712869e+01 5.769854e+01 5.809200e+01 5.836531e+01 5.851862e+01
1.000000e+30 1.000000e+30 6.341030e+01 6.233131e+01 6.135134e+01 6.046306e+01 5.963981e+01 5.899459e+01 5.839598e+01 5.782550e+01 5.730859e+01 5.678746e+01 5.630294e+01 5.651035e+01 5.673394e+01 5.680968e+01 5.738501e+01 5.780059e+01 5.810813e+01 5.829912e+01
1.000000e+30 1.000000e+30 1.000000e+30 6.131371e+01 6.008117e+01 5.921698e+01 5.850883e+01 5.786803e+01 5.723808e+01 5.670888e+01 5.618582e+01 5.551094e+01 5.428368e+01 5.547365e+01 5.608483e+01 5.646019e+01 5.703173e+01 5.747400e+01 5.781446e+01 5.813194e+01
1.000000e+30 1.000000e+30 1.000000e+30 1.000000e+30 5.842469e+01 5.772072e+01 5.703197e+01 5.639126e+01 5.587862e+01 5.544509e+01 5.504630e+01 5.467440e+01 5.440387e+01 5.490240e+01 5.549568e+01 5.609554e+01 5.664163e+01 5.709302e+01 5.739451e+01 1.000000e+30
1.000000e+30 1.000000e+30 1.000000e+30 1.000000e+30 5.734282e+01 5.601792e+01 5.527973e+01 5.467094e+01 5.429539e+01 5.399150e+01 5.373946e+01 5.358917e+01 5.363664e+01 5.407426e+01 5.476133e+01 5.567218e+01 5.620978e+01 5.672107e+01 5.713080e+01 1.000000e+30
1.000000e+30 1.000000e+30 1.000000e+30 1.000000e+30 1.000000e+30 5.340053e+01 5.304989e+01 5.274053e+01 5.252731e+01 5.232456e+01 5.219664e+01 5.217571e+01 5.233200e+01 5.280187e+01 5.369587e+01 5.515320e+01 5.571840e+01 5.629171e+01 1.000000e+30 1.000000e+30
1.000000e+30 1.000000e+30 1.000000e+30 1.000000e+30 1.000000e+30 5.085355e+01 5.078818e+01 5.064082e+01 5.051400e+01 5.041493e+01 5.036078e+01 5.039184e+01 5.054664e+01 5.095982e+01 5.196442e+01 5.459760e+01 5.516246e+01 1.000000e+30 1.000000e+30 1.000000e+30
1.000000e+30 1.000000e+30 1.000000e+30 1.000000e+30 1.000000e+30 4.800182e+01 4.800038e+01 4.800163e+01 4.800029e+01 4.800000e+01 4.800034e+01 4.800067e+01 4.800302e+01 4.800902e+01 4.801997e+01 4.801997e+01 1.000000e+30 1.000000e+30 1.000000e+30 1.000000e+30
