8.635225e+01 8.599430e+01 8.524020e+01 8.411185e+01 8.288680e+01 8.149450e+01 7.979445e+01 7.832205e+01 7.656080e+01 7.477460e+01 7.305865e+01 7.136020e+01 6.960845e+01 6.770080e+01 6.571820e+01 6.340885e+01 6.416510e+01 6.453710e+01 6.477490e+01 6.490420e+01
8.642790e+01 8.602960e+01 8.528040e+01 8.412155e+01 8.293650e+01 8.152055e+01 7.981845e+01 7.824375e+01 7.651750e+01 7.464405e+01 7.293330e+01 7.125790e+01 6.951210e+01 6.761360e+01 6.569130e+01 6.336825e+01 6.411710e+01 6.449480e+01 6.473455e+01 6.485960e+01
8.655250e+01 8.617535e+01 8.537380e+01 8.419060e+01 8.300970e+01 8.154460e+01 7.976085e+01 7.816810e+01 7.633120e+01 7.450070e+01 7.270950e+01 7.105100e+01 6.930410e+01 6.747700e+01 6.561705e+01 6.330365e+01 6.403750e+01 6.440395e+01 6.464390e+01 6.476980e+01
8.675925e+01 8.638035e+01 8.557985e+01 8.435560e+01 8.308295e+01 8.159265e+01 7.970715e+01 7.798615e+01 7.617405e+01 7.411305e+01 7.234585e+01 7.071860e+01 6.902575e+01 6.728540e+01 6.543575e+01 6.322295e+01 6.394060e+01 6.427550e+01 6.450970e+01 6.462835e+01
8.705220e+01 8.663530e+01 8.580980e+01 8.461735e+01 8.325180e+01 8.156365e+01 7.965080e+01 7.790300e+01 7.572060e+01 7.369320e+01 7.195835e+01 7.035365e+01 6.871065e+01 6.701885e+01 6.522080e+01 6.310730e+01 6.375235e+01 6.409065e+01 6.431410e+01 6.443370e+01
8.736695e+01 8.701300e+01 8.616290e+01 8.491890e+01 8.344465e+01 8.165530e+01 7.963160e+01 7.743595e+01 7.538230e+01 7.322725e+01 7.138745e+01 6.988385e+01 6.831105e+01 6.668230e+01 6.496385e+01 6.291950e+01 6.352470e+01 6.382765e+01 6.407045e+01 6.419845e+01
8.775830e+01 8.739735e+01 8.666255e+01 8.534465e+01 8.373370e+01 8.161345e+01 7.948145e+01 7.689020e+01 7.467685e+01 7.247660e+01 7.076675e+01 6.933020e+01 6.783150e+01 6.627315e+01 6.462485e+01 6.267825e+01 6.322310e+01 6.351990e+01 6.376375e+01 6.390815e+01
8.837200e+01 8.800530e+01 8.736300e+01 8.616080e+01 8.402170e+01 8.164795e+01 7.912260e+01 7.602430e+01 7.359545e+01 7.156320e+01 7.003460e+01 6.869025e+01 6.727975e+01 6.576130e+01 6.420405e+01 6.236895e+01 6.277245e+01 6.312680e+01 6.341815e+01 6.359905e+01
8.895860e+01 8.869675e+01 8.831570e+01 8.796000e+01 1.000000e+30 1.000000e+30 1.000000e+30 7.393860e+01 7.190300e+01 7.047480e+01 6.923925e+01 6.797205e+01 6.662390e+01 6.520370e+01 6.372135e+01 6.195290e+01 6.205795e+01 6.260920e+01 6.305800e+01 6.328745e+01
8.953425e+01 8.932945e+01 8.916420e+01 8.897640e+01 1.000000e+30 1.000000e+30 1.000000e+30 1.000000e+30 7.017080e+01 6.936575e+01 6.834665e+01 6.721840e+01 6.592745e+01 6.452345e+01 6.318745e+01 6.145790e+01 6.059470e+01 6.208130e+01 6.277440e+01 6.305540e+01
8.990710e+01 8.979195e+01 8.968125e+01 8.961760e+01 1.000000e+30 1.000000e+30 1.000000e+30 1.000000e+30 6.892945e+01 6.837180e+01 6.755095e+01 6.650585e+01 6.516895e+01 6.367125e+01 6.271810e+01 6.146580e+01 6.164195e+01 6.226150e+01 6.273270e+01 6.296955e+01
9.004875e+01 9.000030e+01 8.994495e+01 8.990660e+01 1.000000e+30 1.000000e+30 1.000000e+30 1.000000e+30 6.803365e+01 6.760870e+01 6.688835e+01 6.590545e+01 6.443265e+01 6.215275e+01 6.226170e+01 6.145245e+01 6.199755e+01 6.243455e+01 6.277720e+01 6.296220e+01
9.001280e+01 8.997600e+01 8.993800e+01 8.990720e+01 1.000000e+30 1.000000e+30 1.000000e+30 1.000000e+30 6.739900e+01 6.704895e+01 6.641275e+01 6.556735e+01 6.445130e+01 6.317810e+01 6.247900e+01 6.152275e+01 6.215230e+01 6.254205e+01 6.283280e+01 6.298485e+01
8.976575e+01 8.973635e+01 8.968010e+01 8.964875e+01 1.000000e+30 1.000000e+30 1.000000e+30 1.000000e+30 6.695465e+01 6.663880e+01 6.608900e+01 6.538215e+01 6.448755e+01 6.351875e+01 6.265110e+01 6.157390e+01 6.222845e+01 6.260430e+01 6.286760e+01 6.300325e+01
8.928175e+01 8.926660e+01 8.921215e+01 8.918495e+01 1.000000e+30 1.000000e+30 1.000000e+30 1.000000e+30 6.661760e+01 6.633810e+01 6.584655e+01 6.523730e+01 6.446365e+01 6.360340e+01 6.270840e+01 6.158375e+01 6.225385e+01 6.262190e+01 6.287260e+01 6.300445e+01
8.863230e+01 8.859740e+01 8.854210e+01 8.852995e+01 1.000000e+30 1.000000e+30 1.000000e+30 1.000000e+30 6.636795e+01 6.609625e+01 6.566380e+01 6.509835e+01 6.438685e+01 6.357370e+01 6.268740e+01 6.154675e+01 6.222485e+01 6.259855e+01 6.285190e+01 6.298220e+01
8.771580e+01 8.763455e+01 8.764140e+01 8.767065e+01 1.000000e+30 1.000000e+30 1.000000e+30 1.000000e+30 6.618300e+01 6.593750e+01 6.549825e+01 6.495295e+01 6.426665e+01 6.347105e+01 6.259685e+01 6.147775e+01 6.214985e+01 6.254065e+01 6.280085e+01 6.293315e+01
8.670560e+01 8.663760e+01 8.657310e+01 8.659725e+01 1.000000e+30 1.000000e+30 1.000000e+30 1.000000e+30 6.607295e+01 6.580610e+01 6.535885e+01 6.480715e+01 6.410760e+01 6.330500e+01 6.243550e+01 6.136360e+01 6.203875e+01 6.244890e+01 6.272255e+01 6.286225e+01
8.549535e+01 8.543800e+01 8.534130e+01 8.535185e+01 1.000000e+30 1.000000e+30 1.000000e+30 1.000000e+30 6.601115e+01 6.572490e+01 6.524945e+01 6.465860e+01 6.391825e+01 6.305585e+01 6.214585e+01 6.119005e+01 6.189385e+01 6.233585e+01 6.262830e+01 6.278190e+01
8.411100e+01 8.400265e+01 8.388860e+01 8.385300e+01 1.000000e+30 1.000000e+30 1.000000e+30 1.000000e+30 6.604200e+01 6.570010e+01 6.517505e+01 6.452805e+01 6.370160e+01 6.269785e+01 6.159320e+01 6.092970e+01 6.171685e+01 6.221220e+01 6.253530e+01 6.269275e+01
8.254475e+01 8.244830e+01 8.231795e+01 8.213625e+01 1.000000e+30 1.000000e+30 1.000000e+30 1.000000e+30 6.620175e+01 6.575295e+01 6.514730e+01 6.442740e+01 6.351425e+01 6.228510e+01 6.030300e+01 6.061255e+01 6.156130e+01 6.210455e+01 6.244780e+01 6.261015e+01
8.100275e+01 8.076405e+01 8.039270e+01 8.011150e+01 1.000000e+30 1.000000e+30 6.807735e+01 6.754815e+01 6.658235e+01 6.588430e+01 6.512840e+01 6.438590e+01 6.351390e+01 6.249645e+01 6.140135e+01 6.077860e+01 6.156485e+01 6.205115e+01 6.237475e+01 6.253740e+01
7.924300e+01 7.898295e+01 7.849695e+01 7.768180e+01 7.598420e+01 1.000000e+30 6.840390e+01 6.771320e+01 6.674065e+01 6.590795e+01 6.506415e+01 6.431685e+01 6.350830e+01 6.265320e+01 6.177385e+01 6.088095e+01 6.158510e+01 6.201950e+01 6.231695e+01 6.247090e+01
7.774700e+01 7.736620e+01 7.677950e+01 7.580725e+01 7.410760e+01 7.143180e+01 6.922955e+01 6.784830e+01 6.679940e+01 6.577465e+01 6.488300e+01 6.414885e+01 6.342170e+01 6.266020e+01 6.186970e+01 6.090055e+01 6.157470e+01 6.197705e+01 6.226055e+01 6.240440e+01
7.625645e+01 7.586380e+01 7.520625e+01 7.430405e+01 7.265695e+01 7.070065e+01 6.912700e+01 6.775475e+01 6.657395e+01 6.542155e+01 6.449815e+01 6.383595e+01 6.321715e+01 6.255685e+01 6.182585e+01 6.085865e+01 6.153145e+01 6.191595e+01 6.218850e+01 6.232580e+01
7.487525e+01 7.451125e+01 7.389675e+01 7.274575e+01 7.142860e+01 6.998605e+01 6.864330e+01 6.731190e+01 6.610045e+01 6.490710e+01 6.375530e+01 6.335405e+01 6.292120e+01 6.237405e+01 6.171305e+01 6.077940e+01 6.144710e+01 6.182855e+01 6.209650e+01 6.223175e+01
7.355855e+01 7.323290e+01 7.257235e+01 7.165045e+01 7.040270e+01 6.915775e+01 6.787820e+01 6.670805e+01 6.552900e+01 6.421775e+01 6.225260e+01 6.275790e+01 6.259625e+01 6.215840e+01 6.156130e+01 6.067525e+01 6.134215e+01 6.172150e+01 6.197510e+01 6.211185e+01
7.242910e+01 7.208175e+01 7.141730e+01 7.053405e+01 6.936225e+01 6.816940e+01 6.694800e+01 6.594745e+01 6.501980e+01 6.403315e+01 6.303690e+01 6.273670e+01 6.240685e+01 6.195670e+01 6.139210e+01 6.055375e+01 6.120975e+01 6.158685e+01 6.183930e+01 6.197180e+01
7.138740e+01 7.097965e+01 7.035925e+01 6.945760e+01 6.828030e+01 6.702290e+01 6.566470e+01 6.505120e+01 6.444120e+01 6.374180e+01 6.306570e+01 6.260935e+01 6.219250e+01 6.172935e+01 6.119455e+01 6.041175e+01 6.105280e+01 6.142605e+01 6.167850e+01 6.181335e+01
7.042405e+01 7.001595e+01 6.934165e+01 6.841690e+01 6.730920e+01 6.583180e+01 6.357190e+01 6.408425e+01 6.379970e+01 6.329965e+01 6.276835e+01 6.230335e+01 6.186855e+01 6.142935e+01 6.094255e+01 6.024495e+01 6.086350e+01 6.123915e+01 6.149280e+01 6.162675e+01
6.967285e+01 6.923655e+01 6.854100e+01 6.767800e+01 6.652020e+01 6.541300e+01 6.416685e+01 6.369455e+01 6.324870e+01 6.275795e+01 6.226705e+01 6.182280e+01 6.141305e+01 6.102715e+01 6.062720e+01 6.004145e+01 6.064855e+01 6.102400e+01 6.128260e+01 6.141665e+01
6.924170e+01 6.855875e+01 6.778185e+01 6.672715e+01 6.581515e+01 6.481930e+01 6.385185e+01 6.315650e+01 6.262575e+01 6.209580e+01 6.159780e+01 6.115370e+01 6.078070e+01 6.048910e+01 6.022210e+01 5.979915e+01 6.039360e+01 6.078275e+01 6.104850e+01 6.119550e+01
1.000000e+30 6.784450e+01 6.696860e+01 6.590205e+01 6.496985e+01 6.402075e+01 6.313440e+01 6.242360e+01 6.181140e+01 6.125635e+01 6.073885e+01 6.027930e+01 5.990405e+01 5.978035e+01 5.971275e+01 5.950905e+01 6.010265e+01 6.051250e+01 6.079720e+01 6.095690e+01
1.000000e+30 1.000000e+30 6.605240e+01 6.492845e+01 6.390765e+01 6.298235e+01 6.212480e+01 6.145270e+01 6.082915e+01 6.023490e+01 5.969645e+01 5.915360e+01 5.864890e+01 5.886495e+01 5.909785e+01 5.917675e+01 5.977605e+01 6.020895e+01 6.052930e+01 6.072825e+01
1.000000e+30 1.000000e+30 1.000000e+30 6.386845e+01 6.258455e+01 6.168435e+01 6.094670e+01 6.027920e+01 5.962300e+01 5.907175e+01 5.852690e+01 5.782390e+01 5.654550e+01 5.778505e+01 5.842170e+01 5.881270e+01 5.940805e+01 5.986875e+01 6.022340e+01 6.055410e+01
1.000000e+30 1.000000e+30 1.000000e+30 1.000000e+30 6.085905e+01 6.012575e+01 5.940830e+01 5.874090e+01 5.820690e+01 5.775530e+01 5.733990e+01 5.695250e+01 5.667070e+01 5.719000e+01 5.780800e+01 5.843285e+01 5.900170e+01 5.947190e+01 5.978595e+01 1.000000e+30
1.000000e+30 1.000000e+30 1.000000e+30 1.000000e+30 5.973210e+01 5.835200e+01 5.758305e+01 5.694890e+01 5.655770e+01 5.624115e+01 5.597860e+01 5.582205e+01 5.587150e+01 5.632735e+01 5.704305e+01 5.799185e+01 5.855185e+01 5.908445e+01 5.951125e+01 1.000000e+30
1.000000e+30 1.000000e+30 1.000000e+30 1.000000e+30 1.000000e+30 5.562555e+01 5.526030e+01 5.493805e+01 5.471595e+01 5.450475e+01 5.437150e+01 5.434970e+01 5.451250e+01 5.500195e+01 5.593320e+01 5.745125e+01 5.804000e+01 5.863720e+01 1.000000e+30 1.000000e+30
1.000000e+30 1.000000e+30 1.000000e+30 1.000000e+30 1.000000e+30 5.297245e+01 5.290435e+01 5.275085e+01 5.261875e+01 5.251555e+01 5.245915e+01 5.249150e+01 5.265275e+01 5.308315e+01 5.412960e+01 5.687250e+01 5.746090e+01 1.000000e+30 1.000000e+30 1.000000e+30
1.000000e+30 1.000000e+30 1.000000e+30 1.000000e+30 1.000000e+30 5.000190e+01 5.000040e+01 5.000170e+01 5.000030e+01 5.000000e+01 5.000035e+01 5.000070e+01 5.000315e+01 5.000940e+01 5.002080e+01 5.002080e+01 1.000000e+30 1.000000e+30 1.000000e+30 1.000000e+30
