4.381967e+01 4.269569e+01 4.127060e+01 3.953931e+01 3.750719e+01 3.518938e+01 3.261288e+01 2.983314e+01 2.698767e+01 2.439327e+01 2.237517e+01 2.169247e+01 2.206596e+01 2.315148e+01 2.449364e+01 2.578701e+01 2.673381e+01 2.717644e+01 2.718073e+01 2.692292e+01
4.556248e+01 4.442904e+01 4.294580e+01 4.110402e+01 3.890728e+01 3.636509e+01 3.348243e+01 3.025438e+01 2.671250e+01 2.316196e+01 2.044901e+01 1.978034e+01 2.066323e+01 2.232412e+01 2.423637e+01 2.605277e+01 2.730670e+01 2.768769e+01 2.744428e+01 2.695740e+01
4.750316e+01 4.638873e+01 4.487009e+01 4.293788e+01 4.060294e+01 3.788640e+01 3.479599e+01 3.127855e+01 2.714362e+01 2.220058e+01 1.791528e+01 1.763485e+01 1.935147e+01 2.156764e+01 2.398793e+01 2.643744e+01 2.818833e+01 2.821674e+01 2.750726e+01 2.675329e+01
4.964110e+01 4.857847e+01 4.704559e+01 4.503389e+01 4.257216e+01 3.971778e+01 3.653406e+01 3.304183e+01 2.905165e+01 2.339871e+01 1.441640e+01 1.670466e+01 1.878305e+01 2.100042e+01 2.347917e+01 2.627882e+01 2.941640e+01 2.806052e+01 2.698031e+01 2.612299e+01
5.196765e+01 5.099600e+01 4.946605e+01 4.736632e+01 4.475039e+01 4.172857e+01 3.844892e+01 3.508902e+01 3.189454e+01 2.941640e+01 2.142357e+01 1.891688e+01 1.926764e+01 2.058181e+01 2.242856e+01 2.454890e+01 2.616805e+01 2.620794e+01 2.559541e+01 2.497763e+01
5.446355e+01 5.363555e+01 5.212445e+01 4.990355e+01 4.705562e+01 4.375201e+01 4.020650e+01 3.663562e+01 3.316880e+01 2.927599e+01 2.442778e+01 2.112094e+01 1.992552e+01 2.004464e+01 2.092550e+01 2.214950e+01 2.319767e+01 2.365165e+01 2.363465e+01 2.343542e+01
5.709035e+01 5.648830e+01 5.502150e+01 5.262060e+01 4.941370e+01 4.566205e+01 4.164254e+01 3.756453e+01 3.349230e+01 2.930469e+01 2.519521e+01 2.192232e+01 1.996365e+01 1.913911e+01 1.912769e+01 1.965245e+01 2.043038e+01 2.110745e+01 2.152266e+01 2.172422e+01
5.976720e+01 5.953370e+01 5.817010e+01 5.549530e+01 5.174430e+01 4.736087e+01 4.272096e+01 3.805665e+01 3.347801e+01 2.905381e+01 2.501454e+01 2.166632e+01 1.928638e+01 1.783565e+01 1.711936e+01 1.708616e+01 1.784891e+01 1.878428e+01 1.952809e+01 2.004867e+01
6.230895e+01 6.270065e+01 6.159535e+01 5.846565e+01 5.388550e+01 4.869381e+01 4.336641e+01 3.812914e+01 3.310391e+01 2.840064e+01 2.421170e+01 2.069773e+01 1.806405e+01 1.630970e+01 1.520306e+01 1.441640e+01 1.570409e+01 1.686532e+01 1.781764e+01 1.855125e+01
6.428515e+01 6.568505e+01 6.533115e+01 6.124170e+01 5.543760e+01 4.938055e+01 4.342597e+01 3.770094e+01 3.229452e+01 2.731194e+01 2.291475e+01 1.921056e+01 1.643402e+01 1.474939e+01 1.384929e+01 1.367182e+01 1.440803e+01 1.547388e+01 1.647434e+01 1.730951e+01
6.490340e+01 6.707385e+01 6.941640e+01 6.242565e+01 5.563900e+01 4.907024e+01 4.274368e+01 3.670146e+01 3.101534e+01 2.579941e+01 2.122616e+01 1.740139e+01 1.441640e+01 1.324017e+01 1.274763e+01 1.288252e+01 1.356010e+01 1.451492e+01 1.548553e+01 1.634192e+01
6.363270e+01 6.489050e+01 6.436120e+01 6.005610e+01 5.398870e+01 4.761489e+01 4.128890e+01 3.514612e+01 2.929964e+01 2.390464e+01 1.920913e+01 1.546945e+01 1.299426e+01 1.188979e+01 1.171563e+01 1.212210e+01 1.290193e+01 1.385206e+01 1.479577e+01 1.563066e+01
6.103770e+01 6.115520e+01 5.971220e+01 5.616745e+01 5.108035e+01 4.527682e+01 3.922782e+01 3.317217e+01 2.727312e+01 2.171889e+01 1.684562e+01 1.317221e+01 1.114193e+01 1.050873e+01 1.074168e+01 1.146023e+01 1.242115e+01 1.343475e+01 1.436378e+01 1.514629e+01
5.794135e+01 5.732070e+01 5.548185e+01 5.222465e+01 4.776267e+01 4.251839e+01 3.685438e+01 3.101525e+01 2.517190e+01 1.948468e+01 1.424150e+01 1.033550e+01 9.010416e+00 9.152636e+00 9.901831e+00 1.097046e+01 1.215717e+01 1.326717e+01 1.416911e+01 1.485340e+01
5.479840e+01 5.372220e+01 5.167690e+01 4.857158e+01 4.450896e+01 3.972154e+01 3.445955e+01 2.893126e+01 2.329695e+01 1.768249e+01 1.219797e+01 6.916401e+00 7.403776e+00 8.215086e+00 9.341526e+00 1.070548e+01 1.213978e+01 1.336939e+01 1.418882e+01 1.469332e+01
5.181000e+01 5.045035e+01 4.829672e+01 4.530246e+01 4.152744e+01 3.711539e+01 3.224581e+01 2.709837e+01 2.184436e+01 1.666845e+01 1.188059e+01 8.397761e+00 7.459286e+00 7.962821e+00 9.088871e+00 1.060040e+01 1.230917e+01 1.375395e+01 1.433602e+01 1.454158e+01
4.906340e+01 4.753187e+01 4.533324e+01 4.244225e+01 3.890045e+01 3.480902e+01 3.030941e+01 2.556788e+01 2.077669e+01 1.618375e+01 1.217501e+01 9.317596e+00 8.024636e+00 8.045361e+00 8.935611e+00 1.040195e+01 1.226670e+01 1.441640e+01 1.421871e+01 1.417336e+01
4.659449e+01 4.496912e+01 4.277191e+01 3.998845e+01 3.665097e+01 3.283827e+01 2.867016e+01 2.430373e+01 1.993806e+01 1.582945e+01 1.230937e+01 9.724511e+00 8.298041e+00 8.000016e+00 8.624611e+00 9.875001e+00 1.143713e+01 1.278259e+01 1.328712e+01 1.343027e+01
4.441331e+01 4.275274e+01 4.059381e+01 3.792657e+01 3.477584e+01 3.120477e+01 2.731626e+01 2.325497e+01 1.921129e+01 1.542392e+01 1.216938e+01 9.698526e+00 8.162706e+00 7.628281e+00 8.075056e+00 9.102871e+00 1.032378e+01 1.138601e+01 1.206168e+01 1.244553e+01
4.251506e+01 4.086629e+01 3.877749e+01 3.623820e+01 3.326413e+01 2.990266e+01 2.623838e+01 2.239856e+01 1.855735e+01 1.493555e+01 1.178854e+01 9.355216e+00 7.753596e+00 6.916401e+00 7.438506e+00 8.308976e+00 9.301271e+00 1.020873e+01 1.091115e+01 1.142017e+01
4.061176e+01 3.908858e+01 3.716539e+01 3.482621e+01 3.207327e+01 2.893397e+01 2.547021e+01 2.175009e+01 1.800163e+01 1.440647e+01 1.122689e+01 8.786426e+00 7.296451e+00 6.724781e+00 6.968356e+00 7.643471e+00 8.453941e+00 9.234501e+00 9.903791e+00 1.045436e+01
3.921983e+01 3.778299e+01 3.599012e+01 3.381817e+01 3.125287e+01 2.829603e+01 2.497938e+01 2.138311e+01 1.764837e+01 1.396990e+01 1.059402e+01 8.000856e+00 6.767081e+00 6.436341e+00 6.615996e+00 7.138521e+00 7.793236e+00 8.445981e+00 9.044246e+00 9.398031e+00
3.824363e+01 3.686477e+01 3.518170e+01 3.316550e+01 3.078404e+01 2.800634e+01 2.482084e+01 2.127180e+01 1.749806e+01 1.372480e+01 1.016377e+01 6.916401e+00 6.402256e+00 6.229636e+00 6.377526e+00 6.771976e+00 7.292321e+00 7.806401e+00 8.313966e+00 8.630036e+00
3.725561e+01 3.602140e+01 3.453285e+01 3.275807e+01 3.064845e+01 2.813213e+01 2.513014e+01 2.162017e+01 1.774455e+01 1.388762e+01 1.049503e+01 7.974566e+00 6.754861e+00 6.305761e+00 6.252446e+00 6.480431e+00 6.916401e+00 7.218221e+00 7.624326e+00 8.096906e+00
3.639394e+01 3.531805e+01 3.404494e+01 3.254945e+01 3.078070e+01 2.863086e+01 2.591871e+01 2.247995e+01 1.836315e+01 1.422585e+01 1.108044e+01 8.824841e+00 7.357081e+00 6.540846e+00 6.183376e+00 6.150191e+00 6.325006e+00 6.590871e+00 6.947466e+00 7.396131e+00
3.560455e+01 3.468357e+01 3.362527e+01 3.242243e+01 3.104825e+01 2.941640e+01 2.720821e+01 2.403552e+01 1.961757e+01 1.441640e+01 1.184904e+01 9.605381e+00 7.900276e+00 6.754751e+00 6.084771e+00 5.782686e+00 5.767376e+00 5.945746e+00 6.270161e+00 6.712341e+00
3.483420e+01 3.404394e+01 3.316747e+01 3.221862e+01 3.121012e+01 3.012534e+01 2.880217e+01 2.640352e+01 2.180368e+01 1.682364e+01 1.309265e+01 1.034875e+01 8.289901e+00 6.828546e+00 5.880701e+00 5.352796e+00 5.186226e+00 5.287196e+00 5.590321e+00 6.041896e+00
3.403934e+01 3.333744e+01 3.257854e+01 3.178554e+01 3.099373e+01 3.026719e+01 2.970684e+01 2.941640e+01 2.337944e+01 1.814313e+01 1.396645e+01 1.077733e+01 8.388541e+00 6.665246e+00 5.501956e+00 4.806476e+00 4.532011e+00 4.592146e+00 4.903131e+00 5.386886e+00
3.319412e+01 3.253025e+01 3.181124e+01 3.104932e+01 3.025473e+01 2.941640e+01 2.852742e+01 2.664024e+01 2.263046e+01 1.802521e+01 1.393592e+01 1.061627e+01 8.061996e+00 6.191526e+00 4.902951e+00 4.106044e+00 3.745752e+00 3.846733e+00 4.213283e+00 4.758831e+00
3.229371e+01 3.162262e+01 3.087757e+01 3.005020e+01 2.911427e+01 2.800207e+01 2.651389e+01 2.419111e+01 2.079518e+01 1.685231e+01 1.305792e+01 9.813286e+00 7.263461e+00 5.389096e+00 4.089194e+00 3.258070e+00 2.879038e+00 3.069782e+00 3.552643e+00 4.184450e+00
3.135120e+01 3.064209e+01 2.983204e+01 2.889454e+01 2.777824e+01 2.638556e+01 2.454413e+01 2.204263e+01 1.883311e+01 1.519289e+01 1.159065e+01 8.457691e+00 6.030926e+00 4.304380e+00 3.137949e+00 2.381421e+00 1.916401e+00 2.380831e+00 2.991839e+00 3.702924e+00
3.039024e+01 2.962926e+01 2.874286e+01 2.769442e+01 2.642443e+01 2.484028e+01 2.281463e+01 2.022125e+01 1.702943e+01 1.341142e+01 9.771726e+00 6.658466e+00 4.446756e+00 3.035783e+00 2.164346e+00 1.673338e+00 1.552056e+00 1.958834e+00 2.593596e+00 3.345603e+00
2.943721e+01 2.862456e+01 2.767002e+01 2.653478e+01 2.516330e+01 2.348024e+01 2.139151e+01 1.878923e+01 1.557262e+01 1.178842e+01 7.818096e+00 4.478226e+00 2.656492e+00 1.750725e+00 1.270659e+00 1.093124e+00 1.199818e+00 1.699514e+00 2.347460e+00 3.118603e+00
2.851547e+01 2.766030e+01 2.665569e+01 2.546538e+01 2.404261e+01 2.233172e+01 2.027202e+01 1.778649e+01 1.465564e+01 1.063022e+01 6.223881e+00 1.916401e+00 1.157542e+00 7.368660e-01 5.822115e-01 6.521700e-01 9.304290e-01 1.543747e+00 2.226045e+00 3.014618e+00
2.764245e+01 2.675812e+01 2.572421e+01 2.450840e+01 2.307140e+01 2.136990e+01 1.936488e+01 1.703789e+01 1.441640e+01 9.970636e+00 5.606591e+00 2.144852e+00 6.533755e-01 2.307845e-01 2.039800e-01 4.121015e-01 8.007680e-01 1.507686e+00 2.225246e+00 3.029278e+00
2.682903e+01 2.592979e+01 2.488640e+01 2.367036e+01 2.224612e+01 2.057001e+01 1.858771e+01 1.621721e+01 1.323312e+01 9.419501e+00 5.414201e+00 1.916401e+00 6.622560e-01 1.661345e-01 1.400000e-01 3.974355e-01 8.409905e-01 1.416340e+00 2.351471e+00 3.162923e+00
2.608018e+01 2.517905e+01 2.414351e+01 2.294933e+01 2.156433e+01 1.994212e+01 1.800827e+01 1.563850e+01 1.267693e+01 9.153686e+00 5.536896e+00 2.607082e+00 9.942080e-01 3.772560e-01 3.245920e-01 5.939180e-01 1.056941e+00 1.645289e+00 2.610149e+00 3.416653e+00
2.539611e+01 2.450340e+01 2.348899e+01 2.233442e+01 2.101490e+01 1.949225e+01 1.769722e+01 1.549451e+01 1.267991e+01 9.240786e+00 5.698216e+00 2.872777e+00 1.285593e+00 7.094335e-01 6.938915e-01 9.786320e-01 1.442859e+00 2.022938e+00 3.002398e+00 3.789493e+00
2.477390e+01 2.389617e+01 2.291026e+01 2.180424e+01 2.056401e+01 1.917076e+01 1.759211e+01 1.573874e+01 1.323834e+01 9.630686e+00 5.736661e+00 2.673399e+00 1.405460e+00 1.149335e+00 1.244515e+00 1.543832e+00 1.991727e+00 2.543630e+00 3.524793e+00 4.277157e+00
2.420931e+01 2.334929e+01 2.239282e+01 2.133277e+01 2.016289e+01 1.887908e+01 1.748224e+01 1.598407e+01 1.441640e+01 1.014796e+01 5.952351e+00 1.916401e+00 1.798846e+00 1.916401e+00 2.017644e+00 2.290598e+00 2.694985e+00 3.197137e+00 4.169053e+00 4.871476e+00
